name: audiobook
channels:
  - conda-forge
  - defaults
dependencies:
  - bzip2=1.0.8
  - ca-certificates=2023.7.22
  - ebooklib=0.17
  - libexpat=2.5.0
  - libffi=3.4.2
  - libiconv=1.17
  - libsqlite=3.43.0
  - libxml2=2.11.5
  - libxslt=1.1.37
  - libzlib=1.2.13
  - lxml=4.9.3
  - openssl=3.1.3
  - pip=23.2.1
  - pypdf2=2.11.1
  - python=3.11.5
  - python_abi=3.11
  - setuptools=68.2.2
  - six=1.16.0
  - tk=8.6.13
  - tzdata=2023c
  - ucrt=10.0.22621.0
  - vc=14.3
  - vc14_runtime=14.36.32532
  - vs2015_runtime=14.36.32532
  - wheel=0.41.2
  - xz=5.2.6
  - pip:
    - comtypes==1.2.0
    - pypiwin32==223
    - pyttsx3==2.90
    - pywin32==306